Run semi-empirical minimization
 &qmmm
    qm_theory='AM1', grms_tol=0.0005,
 scfconv=1.d-10, ndiis_attempts=700,   qmcharge=0,
 /
  30    Zn        9.2040        9.2040        8.5720 
   6    C2        7.1600        9.6150        6.3200 
   7    N1        6.0890        9.0910        5.6990 
   7    N3        7.6050        8.8740        7.3740 
   6    C5        5.8340        7.9340        6.4020 
   6    C4        6.7550        7.7920        7.4250 
   6    C6        7.8300       10.8820        5.8880 
   1    H5        5.0100        7.2730        6.1330 
   1    H4        6.8870        7.0080        8.1670 
   1   H61        7.8330       11.6400        6.6890 
   1   H62        8.8840       10.7120        5.6180 
   1   H63        7.2980       11.2880        5.0180 
   6    C2       11.2690        8.8250        6.3330 
   7    N1       12.3450        9.3590        5.7300 
   7    N3       10.8130        9.5520        7.3930 
   6    C5       12.5920       10.5070        6.4500 
   6    C4       11.6610       10.6340        7.4670 
   6    C6       10.6050        7.5640        5.8770 
   1    H5       13.4180       11.1720        6.1980 
   1    H4       11.5190       11.4080        8.2170 
   1   H61       10.5940        6.7950        6.6670 
   1   H62        9.5540        7.7370        5.5970 
   1   H63       11.1480        7.1700        5.0080 

